-9.560659245359153720e+05    -5.940115384292893112e+06    2.116612336371718440e+06
-9.559085615006770240e+05    -5.940101892976174131e+06    2.116720541724014562e+06
-9.560330437979893759e+05    -5.940116700082489289e+06    2.116623420885619707e+06
-9.559820722470614128e+05    -5.940133234736801125e+06    2.116600196173276752e+06
-9.559235622506316286e+05    -5.940131290010704659e+06    2.116631866219873540e+06
-9.559143340197919169e+05    -5.940116490994427353e+06    2.116677259748015553e+06
-9.559271142406703439e+05    -5.940096635091590695e+06    2.116726875653272960e+06
-9.559839011096720351e+05    -5.940087874934512191e+06    2.116725819998726714e+06
-9.560267627003339585e+05    -5.940084763840708882e+06    2.116715263446031604e+06
-9.560676539193766657e+05    -5.940090679817211814e+06    2.116680426729327533e+06
-9.560330437979893759e+05    -5.940116700082489289e+06    2.116623420885619707e+06
