QGC WPL 1101
1	1	0	16	0	0	0	0	1.950104840053921862e+01    -9.914291560649870405e+01    50	1		
2	0	3	16	0	0	0	0	1.950130351464959233e+01    -9.914264463150888673e+01    50	1
3	0	3	16	0	0	0	0	1.950145451837313360e+01    -9.914188943063673776e+01    50	1
4	0	3	16	0	0	0	0	1.950148567400369259e+01    -9.914173361275386753e+01    50	1
5	0	3	16	0	0	0	0	1.950148567400369259e+01    -9.914173361275386753e+01    50	1
6	0	3	16	0	0	0	0	1.950139731323250203e+01    -9.914171396513822287e+01    50	1
7	0	3	16	0	0	0	0	1.950139731323250203e+01    -9.914171396513822287e+01    50	1
8	0	3	16	0	0	0	0	1.950122737609879309e+01    -9.914256385867861354e+01    50	1
9	0	3	16	0	0	0	0	1.950122737609879309e+01    -9.914256385867861354e+01    50	1
10	0	3	16	0	0	0	0	1.950113901540617078e+01    -9.914254421064342182e+01    50	1
11	0	3	16	0	0	0	0	1.950115123751130852e+01    -9.914248308592395631e+01    50	1	
12	0	3	16	0	0	0	0	1.950134010792140771e+01    -9.914153849976307242e+01    50	1	
13	0	3	16	0	0	0	0	1.950137126325024894e+01    -9.914138268191307191e+01    50	1		
14	0	3	16	0	0	0	0	1.950137126325024894e+01    -9.914138268191307191e+01    50	1		
15	0	3	16	0	0	0	0	1.950128290243084095e+01    -9.914136303450176513e+01    50	1	
16	0	3	16	0	0	0	0	1.950128290243084095e+01    -9.914136303450176513e+01    50	1
17	0	3	16	0	0	0	0	1.950107509888714574e+01    -9.914240231323530850e+01    50	1
18	0	3	16	0	0	0	0	1.950107509888714574e+01    -9.914240231323530850e+01    50	1
19	0	3	16	0	0	0	0	1.950098673817549866e+01    -9.914238266530618660e+01    50	1
20	0	3	16	0	0	0	0	1.950099896022629409e+01    -9.914232154063178371e+01    50	1
21	0	3	16	0	0	0	0	1.950122569677882467e+01    -9.914118756937335775e+01    50	1
22	0	3	16	0	0	0	0	1.950125685180594814e+01    -9.914103175156577663e+01    50	1
23	0	3	16	0	0	0	0	1.950125685180594814e+01    -9.914103175156577663e+01    50	1
24	0	3	16	0	0	0	0	1.950116849095636695e+01    -9.914101210435877931e+01    50	1
25	0	3	16	0	0	0	0	1.950116849095636695e+01    -9.914101210435877931e+01    50	1
26	0	3	16	0	0	0	0	1.950092282152876066e+01    -9.914224076810380382e+01    50	1
27	0	3	16	0	0	0	0	1.950092282152876066e+01    -9.914224076810380382e+01    50	1
28	0	3	16	0	0	0	0	1.950083446079810301e+01    -9.914222112028076594e+01    50	1
29	0	3	16	0	0	0	0	1.950084668279454903e+01    -9.914215999565141146e+01    50	1
30	0	3	16	0	0	0	0	1.950111128496345003e+01    -9.914083663947712921e+01    50	1
31	0	3	16	0	0	0	0	1.950114243968885219e+01    -9.914068082172146035e+01    50	1
32	0	3	16	0	0	0	0	1.950114243968885219e+01    -9.914068082172146035e+01    50	1
33	0	3	16	0	0	0	0	1.950105407879105002e+01    -9.914066117471884354e+01    50	1
34	0	3	16	0	0	0	0	1.950105407879105002e+01    -9.914066117471884354e+01    50	1
35	0	3	16	0	0	0	0	1.950077054402365206e+01    -9.914207922327460665e+01    50	1
36	0	3	16	0	0	0	0	1.950077054402365206e+01    -9.914207922327460665e+01    50	1
37	0	3	16	0	0	0	0	1.950068218328301128e+01    -9.914205957555766702e+01    50	1
38	0	3	16	0	0	0	0	1.950069440521607333e+01    -9.914199845096383967e+01    50	1
39	0	3	16	0	0	0	0	1.950077147512624975e+01    -9.914161300485005768e+01    50	1
40	0	3	16	0	0	0	0	1.950136938587086632e+01    -9.914140605785577520e+01    50	1
