1.949985501612403027e+01    -9.914360761642461739e+01    2.243248100681230426e+03
1.949994888824331696e+01    -9.914344906855741613e+01    2.243248135504312813e+03
1.949952925172709683e+01    -9.914364635903052658e+01    2.243248188586905599e+03
1.949950025802662168e+01    -9.914365999026740894e+01    2.243248207309283316e+03
1.949946348670274077e+01    -9.914357301434321812e+01    2.243248230692930520e+03
1.949946348670274077e+01    -9.914357301434321812e+01    2.243248230692930520e+03
1.950013527953566239e+01    -9.914325717278897798e+01    2.243248296388424933e+03
1.950015470311745958e+01    -9.914324804079693365e+01    2.243248313826508820e+03
1.950011793159828599e+01    -9.914316106462558764e+01    2.243248352601192892e+03
1.950011793159828599e+01    -9.914316106462558764e+01    2.243248352601192892e+03
1.949939772164819729e+01    -9.914349966971518313e+01    2.243248290450312197e+03
1.949936872794932086e+01    -9.914351330096718584e+01    2.243248313087970018e+03
1.949933195655442475e+01    -9.914342632515591447e+01    2.243248367862775922e+03
1.949933195655442475e+01    -9.914342632515591447e+01    2.243248367862775922e+03
1.950010058360984999e+01    -9.914306495648268935e+01    2.243248425354249775e+03
1.950012000718202643e+01    -9.914305582446964138e+01    2.243248444520868361e+03
1.950008323557034373e+01    -9.914296884836028312e+01    2.243248514643870294e+03
1.950008323557034373e+01    -9.914296884836028312e+01    2.243248514643870294e+03
1.949926619143948869e+01    -9.914335298064642643e+01    2.243248462927527726e+03
1.949923719775124198e+01    -9.914336661191352107e+01    2.243248489481396973e+03
1.949920042629435812e+01    -9.914327963619618345e+01    2.243248575644567609e+03
1.949920042629435812e+01    -9.914327963619618345e+01    2.243248575644567609e+03
1.950006588747978498e+01    -9.914287274025836894e+01    2.243248620476573706e+03
1.949953150036225225e+01    -9.914300701298166985e+01    2.243248497594147921e+03
