QGC WPL 110
1	1	0	16	0	0	0	0	1.950217098292903017e+01    -9.914254009723660488e+01    50	1
2	0	3	16	0	0	0	0	1.950138523509667365e+01    -9.914154663831064340e+01    50	1
3	0	3	16	0	0	0	0	1.950139784109011032e+01    -9.914156293442346168e+01    50	1
4	0	3	16	0	0	0	0	1.950147647162541276e+01    -9.914166458241683699e+01    50	1
5	0	3	16	0	0	0	0	1.950140649718224850e+01    -9.914172477785538717e+01    50	1
6	0	3	16	0	0	0	0	1.950140649718224850e+01    -9.914172477785538717e+01    50	1
7	0	3	16	0	0	0	0	1.950118760465347023e+01    -9.914144180945777407e+01    50	1
8	0	3	16	0	0	0	0	1.950105994846268587e+01    -9.914127678539877309e+01    50	1
9	0	3	16	0	0	0	0	1.950098997414529123e+01    -9.914133698085001356e+01    50	1
10	0	3	16	0	0	0	0	1.950098997414529123e+01    -9.914133698085001356e+01    50	1
11	0	3	16	0	0	0	0	1.950141515313868013e+01    -9.914188662130453622e+01    50	1
12	0	3	16	0	0	0	0	1.950149378349205520e+01    -9.914198826945560938e+01    50	1
13	0	3	16	0	0	0	0	1.950142380894136096e+01    -9.914204846477092303e+01    50	1
14	0	3	16	0	0	0	0	1.950142380894136096e+01    -9.914204846477092303e+01    50	1
15	0	3	16	0	0	0	0	1.950083585713928613e+01    -9.914128840330252501e+01    50	1
16	0	3	16	0	0	0	0	1.950081695682471761e+01    -9.914126397050181083e+01    50	1
17	0	3	16	0	0	0	0	1.950074698250972105e+01    -9.914132416586865304e+01    50	1
18	0	3	16	0	0	0	0	1.950074698250972105e+01    -9.914132416586865304e+01    50	1
19	0	3	16	0	0	0	0	1.950143246460834590e+01    -9.914221030825451919e+01    50	1
20	0	3	16	0	0	0	0	1.950148214835715876e+01    -9.914227453637576559e+01    50	1
21	0	3	16	0	0	0	0	1.950141217371117008e+01    -9.914233473155420029e+01    50	1
22	0	3	16	0	0	0	0	1.950141217371117008e+01    -9.914233473155420029e+01    50	1
23	0	3	16	0	0	0	0	1.950065810787222631e+01    -9.914135992840526512e+01    50	1	
24	0	3	16	0	0	0	0	1.950063920756694458e+01    -9.914133549563243264e+01    50	1	
25	0	3	16	0	0	0	0	1.950056923322679481e+01    -9.914139569090278314e+01    50	1	
26	0	3	16	0	0	0	0	1.950056923322679481e+01    -9.914139569090278314e+01    50	1
27	0	3	16	0	0	0	0	1.950134614081288476e+01    -9.914240002237579574e+01    50	1	
28	0	3	16	0	0	0	0	1.950135008259004010e+01    -9.914240511806147538e+01    50	1
29	0	3	16	0	0	0	0	1.950128010789960697e+01    -9.914246531313489186e+01    50	1
30	0	3	16	0	0	0	0	1.950128010789960697e+01    -9.914246531313489186e+01    50	1
31	0	3	16	0	0	0	0	1.950048035857344431e+01    -9.914143145336126395e+01    50	1
32	0	3	16	0	0	0	0	1.950046145827745292e+01    -9.914140702059731325e+01    50	1
33	0	3	16	0	0	0	0	1.950039148391215349e+01    -9.914146721578067911e+01    50	1
34	0	3	16	0	0	0	0	1.950039148391215349e+01    -9.914146721578067911e+01    50	1
35	0	3	16	0	0	0	0	1.950121407495326409e+01    -9.914253060385053118e+01    50	1
36	0	3	16	0	0	0	0	1.950121801672680277e+01    -9.914253569953525869e+01    50	1
37	0	3	16	0	0	0	0	1.950114804199192520e+01    -9.914259589450368537e+01    50	1
38	0	3	16	0	0	0	0	1.950114804199192520e+01    -9.914259589450368537e+01    50	1
39	0	3	16	0	0	0	0	1.950030260924293657e+01    -9.914150297815153579e+01    50	1
40	0	3	16	0	0	0	0	1.950028370895624263e+01    -9.914147854541546678e+01    50	1
41	0	3	16	0	0	0	0	1.950021373456578999e+01    -9.914153874049284809e+01    50	1
42	0	3	16	0	0	0	0	1.950021373456578999e+01    -9.914153874049284809e+01    50	1
43	0	3	16	0	0	0	0	1.950108200899752475e+01    -9.914266118511336856e+01    50	1
44	0	3	16	0	0	0	0	1.950108595075840867e+01    -9.914266628079708710e+01    50	1
45	0	3	16	0	0	0	0	1.950101597597909020e+01    -9.914272647566055241e+01    50	1
46	0	3	16	0	0	0	0	1.950101597597909020e+01    -9.914272647566055241e+01    50	1
47	0	3	16	0	0	0	0	1.950012485988071376e+01    -9.914157450279508055e+01    50	1
48	0	3	16	0	0	0	0	1.950010595960330306e+01    -9.914155007007738618e+01    50	1
49	0	3	16	0	0	0	0	1.950003598518770787e+01    -9.914161026505827579e+01    50	1
50	0	3	16	0	0	0	0	1.950003598518770787e+01    -9.914161026505827579e+01    50	1
51	0	3	16	0	0	0	0	1.950094994294566320e+01    -9.914279176616425104e+01    50	1
52	0	3	16	0	0	0	0	1.950217098292903017e+01    -9.914254009723660488e+01    50	1
