QGC WPL 110
1	1	0	16	0	0	0	0	1.950090175631845213e+01    -9.914233088493351431e+01    50	1
2	0	3	16	0	0	0	0	1.950014205137065559e+01    -9.914253702915563338e+01    50	1
3	0	3	16	0	0	0	0	1.949998761258967406e+01    -9.914260160094848118e+01    50	1
4	0	3	16	0	0	0	0	1.949957671796267888e+01    -9.914277339783961907e+01    50	1
5	0	3	16	0	0	0	0	1.949961000109942333e+01    -9.914286192221102567e+01    50	1
6	0	3	16	0	0	0	0	1.949961000109942333e+01    -9.914286192221102567e+01    50	1
7	0	3	16	0	0	0	0	1.950018712000895960e+01    -9.914262062623363647e+01    50	1
8	0	3	16	0	0	0	0	1.950021069080260361e+01    -9.914261077114541365e+01    50	1
9	0	3	16	0	0	0	0	1.950024397400754594e+01    -9.914269929582837904e+01    50	1
10	0	3	16	0	0	0	0	1.950024397400754594e+01    -9.914269929582837904e+01    50	1
11	0	3	16	0	0	0	0	1.949907230648399548e+01    -9.914318917278886545e+01    50	1
12	0	3	16	0	0	0	0	1.949901162802317600e+01    -9.914321454238815079e+01    50	1
13	0	3	16	0	0	0	0	1.949904491093721859e+01    -9.914330306654241554e+01    50	1
14	0	3	16	0	0	0	0	1.949904491093721859e+01    -9.914330306654241554e+01    50	1	
15	0	3	16	0	0	0	0	1.950030082798060604e+01    -9.914277796546856791e+01    50	1	
16	0	3	16	0	0	0	0	1.950032439878251722e+01    -9.914276811038669734e+01    50	1	
17	0	3	16	0	0	0	0	1.950035768191008856e+01    -9.914285663516369596e+01    50	1	
18	0	3	16	0	0	0	0	1.950035768191008856e+01    -9.914285663516369596e+01    50	1	
19	0	3	16	0	0	0	0	1.949901751531869110e+01    -9.914341696025759632e+01    50	1	
20	0	3	16	0	0	0	0	1.949895683681655356e+01    -9.914344232976341686e+01    50	1	
21	0	3	16	0	0	0	0	1.949899011962842010e+01    -9.914353085393446463e+01    50	1	
22	0	3	16	0	0	0	0	1.949899011962842010e+01    -9.914353085393446463e+01    50	1	
23	0	3	16	0	0	0	0	1.950041453581405904e+01    -9.914293530492331286e+01    50	1	
24	0	3	16	0	0	0	0	1.950043810662423738e+01    -9.914292544985734423e+01    50	1	
25	0	3	16	0	0	0	0	1.950047138967443772e+01    -9.914301397472837607e+01    50	1	
26	0	3	16	0	0	0	0	1.950047138967443772e+01    -9.914301397472837607e+01    50	1	
27	0	3	16	0	0	0	0	1.949896272386640916e+01    -9.914364474757296364e+01    50	1
28	0	3	16	0	0	0	0	1.949890204533199523e+01    -9.914367011698531940e+01    50	1	
29	0	3	16	0	0	0	0	1.949893532802362728e+01    -9.914375864117310755e+01    50	1	
30	0	3	16	0	0	0	0	1.949893532802362728e+01    -9.914375864117310755e+01    50	1
31	0	3	16	0	0	0	0	1.950052824350930081e+01    -9.914309264458837845e+01    50	1	
32	0	3	16	0	0	0	0	1.950055181432776408e+01    -9.914308278954783304e+01    50	1	
33	0	3	16	0	0	0	0	1.950058509730058631e+01    -9.914317131451286969e+01    50	1	
34	0	3	16	0	0	0	0	1.950058509730058631e+01    -9.914317131451286969e+01    50	1	
35	0	3	16	0	0	0	0	1.949890793211812934e+01    -9.914387253473491057e+01    50	1	
36	0	3	16	0	0	0	0	1.949842395456583688e+01    -9.914357542991501759e+01    50	1	
