QGC WPL 110
1	1	0	16	0	0	0	0	1.950220132288553998e+01    -9.914263129234311123e+01    50	1	
2	0	3	16	0	0	0	0	1.950161388875588031e+01    -9.914260828303594053e+01    50	1
3	0	3	16	0	0	0	0	1.950133124034918453e+01    -9.914108761574202333e+01    50	1
4	0	3	16	0	0	0	0	1.950133124034918453e+01    -9.914108761574202333e+01    50	1
5	0	3	16	0	0	0	0	1.950124262304659339e+01    -9.914110593351458078e+01    50	1
6	0	3	16	0	0	0	0	1.950124966363476275e+01    -9.914114381144794663e+01    50	1
7	0	3	16	0	0	0	0	1.950153126064575915e+01    -9.914265882390863283e+01    50	1
8	0	3	16	0	0	0	0	1.950153724999270821e+01    -9.914269104780736086e+01    50	1
9	0	3	16	0	0	0	0	1.950144863252980443e+01    -9.914270936473954521e+01    50	1
10	0	3	16	0	0	0	0	1.950144863252980443e+01    -9.914270936473954521e+01    50	1
11	0	3	16	0	0	0	0	1.950116808690215464e+01    -9.914120000710707359e+01    50	1
12	0	3	16	0	0	0	0	1.950116808690215464e+01    -9.914120000710707359e+01    50	1
13	0	3	16	0	0	0	0	1.950107946958660321e+01    -9.914121832480006447e+01    50	1
14	0	3	16	0	0	0	0	1.950108651015137440e+01    -9.914125620270031902e+01    50	1
15	0	3	16	0	0	0	0	1.950136600439899937e+01    -9.914275990550960671e+01    50	1
16	0	3	16	0	0	0	0	1.950137199371902597e+01    -9.914279212937933039e+01    50	1
17	0	3	16	0	0	0	0	1.950128337624429165e+01    -9.914281044622836703e+01    50	1
18	0	3	16	0	0	0	0	1.950128337624429165e+01    -9.914281044622836703e+01    50	1
19	0	3	16	0	0	0	0	1.950100493338240426e+01    -9.914131239824676811e+01    50	1
20	0	3	16	0	0	0	0	1.950100493338240426e+01    -9.914131239824676811e+01    50	1
21	0	3	16	0	0	0	0	1.950091631605388187e+01    -9.914133071586020662e+01    50	1
22	0	3	16	0	0	0	0	1.950092335659525489e+01    -9.914136859372736410e+01    50	1
23	0	3	16	0	0	0	0	1.950120074808376103e+01    -9.914286098689578353e+01    50	1
24	0	3	16	0	0	0	0	1.950120673739493427e+01    -9.914289321073650285e+01    50	1
25	0	3	16	0	0	0	0	1.950111811990836586e+01    -9.914291152752142011e+01    50	1	
26	0	3	16	0	0	0	0	1.950111811990836586e+01    -9.914291152752142011e+01    50	1	
27	0	3	16	0	0	0	0	1.950084177979895728e+01    -9.914142478916113532e+01    50	1	
28	0	3	16	0	0	0	0	1.950084177979895728e+01    -9.914142478916113532e+01    50	1	
29	0	3	16	0	0	0	0	1.950075316245747814e+01    -9.914144310669500726e+01    50	1	
30	0	3	16	0	0	0	0	1.950076020297544943e+01    -9.914148098452905344e+01    50	1	
31	0	3	16	0	0	0	0	1.950096534691971328e+01    -9.914258467475852399e+01    50	1	
32	0	3	16	0	0	0	0	1.950096534691971328e+01    -9.914258467475852399e+01    50	1	
33	0	3	16	0	0	0	0	1.950087672946203199e+01    -9.914260299167473534e+01    50	1	
34	0	3	16	0	0	0	0	1.950078350451975240e+01    -9.914210142945901794e+01    50	1	
35	0	3	16	0	0	0	0	1.950067862613376946e+01    -9.914153717985017522e+01    50	1	
36	0	3	16	0	0	0	0	1.950067862613376946e+01    -9.914153717985017522e+01    50	1	
37	0	3	16	0	0	0	0	1.950059000877933713e+01    -9.914155549730448058e+01    50	1	
38	0	3	16	0	0	0	0	1.950059704927391380e+01    -9.914159337510542969e+01    50	1
39	0	3	16	0	0	0	0	1.950060166082598911e+01    -9.914161818523946579e+01    50	1	
40	0	3	16	0	0	0	0	1.950038091543178709e+01    -9.914089322090357825e+01    50	1
