-9.559095483162101591e+05    -5.940175390074783005e+06    2.116515214299785905e+06
-9.558504468872352736e+05    -5.940183953846942633e+06    2.116517853501151782e+06
-9.558108352333500516e+05    -5.940200173267159611e+06    2.116490405766929965e+06
-9.557939747261558659e+05    -5.940215950287710875e+06    2.116453984598473180e+06
-9.558264129021363333e+05    -5.940226066697039641e+06    2.116411229115093593e+06
-9.558849666630054126e+05    -5.940221188584591262e+06    2.116398560782520100e+06
-9.559473594818805577e+05    -5.940204710923190229e+06    2.116416507581442129e+06
-9.559630479383205529e+05    -5.940188743562936783e+06    2.116453984598473180e+06
-9.559530044426704990e+05    -5.940175970355230384e+06    2.116494100659377873e+06
-9.559095483162101591e+05    -5.940175390074783005e+06    2.116515214299785905e+06
