QGC WPL 110
1	1	0	16	0	0	0	0	-9.559895183990634978e+05    -5.940136959354126826e+06    50	1	
2	0	3	16	0	0	0	0	-9.559905835446511628e+05    -5.940158784186208621e+06    50	1	
3	0	3	16	0	0	0	0	-9.558345878594482783e+05    -5.940194473126483150e+06    50	1	
4	0	3	16	0	0	0	0	-9.558345878594482783e+05    -5.940194473126483150e+06    50	1	
5	0	3	16	0	0	0	0	-9.558370074247966986e+05    -5.940197401975922287e+06    50	1	
6	0	3	16	0	0	0	0	-9.558408930921560386e+05    -5.940196513006768189e+06    50	1	
7	0	3	16	0	0	0	0	-9.559963087525739102e+05    -5.940160956765679643e+06    50	1
8	0	3	16	0	0	0	0	-9.559996143950951518e+05    -5.940160200495380908e+06    50	1	
9	0	3	16	0	0	0	0	-9.560020339614308905e+05    -5.940163129344661720e+06    50	1	
10	0	3	16	0	0	0	0	-9.560020339614308905e+05    -5.940163129344661720e+06    50	1	
11	0	3	16	0	0	0	0	-9.558471983258511173e+05    -5.940198552886893041e+06    50	1	
12	0	3	16	0	0	0	0	-9.558471983258511173e+05    -5.940198552886893041e+06    50	1	
13	0	3	16	0	0	0	0	-9.558496178911995376e+05    -5.940201481736332178e+06    50	1
14	0	3	16	0	0	0	0	-9.558535035585589940e+05    -5.940200592767178081e+06    50	1	
15	0	3	16	0	0	0	0	-9.560077591693005525e+05    -5.940165301923802122e+06    50	1
16	0	3	16	0	0	0	0	-9.560110648118748795e+05    -5.940164545653834008e+06    50	1	
17	0	3	16	0	0	0	0	-9.560134843772232998e+05    -5.940167474503273144e+06    50	1	
18	0	3	16	0	0	0	0	-9.560134843772232998e+05    -5.940167474503273144e+06    50	1	
19	0	3	16	0	0	0	0	-9.558598087922540726e+05    -5.940202632647303864e+06    50	1	
20	0	3	16	0	0	0	0	-9.558598087922540726e+05    -5.940202632647303864e+06    50	1	
21	0	3	16	0	0	0	0	-9.558622283576023765e+05    -5.940205561496743001e+06    50	1	
22	0	3	16	0	0	0	0	-9.558661140249618329e+05    -5.940204672527587973e+06    50	1	
23	0	3	16	0	0	0	0	-9.560192095850929618e+05    -5.940169647082414478e+06    50	1	
24	0	3	16	0	0	0	0	-9.560225152276142035e+05    -5.940168890812115744e+06    50	1	
25	0	3	16	0	0	0	0	-9.560249347939499421e+05    -5.940171819661396556e+06    50	1	
26	0	3	16	0	0	0	0	-9.560249347939499421e+05    -5.940171819661396556e+06    50	1	
27	0	3	16	0	0	0	0	-9.558724192586038262e+05    -5.940206712407384068e+06    50	1	
28	0	3	16	0	0	0	0	-9.558724192586038262e+05    -5.940206712407384068e+06    50	1	
29	0	3	16	0	0	0	0	-9.558748388239522465e+05    -5.940209641256823204e+06    50	1	
30	0	3	16	0	0	0	0	-9.558787244913117029e+05    -5.940208752287669107e+06    50	1	
31	0	3	16	0	0	0	0	-9.559919455246428261e+05    -5.940182849400278181e+06    50	1	
32	0	3	16	0	0	0	0	-9.559919455246428261e+05    -5.940182849400278181e+06    50	1	
33	0	3	16	0	0	0	0	-9.559943650899912464e+05    -5.940185778249717318e+06    50	1	
34	0	3	16	0	0	0	0	-9.559429128060934599e+05    -5.940197549584748223e+06    50	1	
35	0	3	16	0	0	0	0	-9.558850297250067815e+05    -5.940210792167793959e+06    50	1
36	0	3	16	0	0	0	0	-9.558850297250067815e+05    -5.940210792167793959e+06    50	1
37	0	3	16	0	0	0	0	-9.558874492903550854e+05    -5.940213721017233096e+06    50	1
38	0	3	16	0	0	0	0	-9.558913349577145418e+05    -5.940212832048078999e+06    50	1
39	0	3	16	0	0	0	0	-9.558938800875442103e+05    -5.940212249769219197e+06    50	1
40	0	3	16	0	0	0	0	-9.558200151110270526e+05    -5.940232402920115739e+06    50	1
